{
 "cells": [
  {
   "cell_type": "markdown",
   "id": "a7cff895",
   "metadata": {},
   "source": [
    "# Section 3.4\n",
    "\n",
    "## Example 3.4.1"
   ]
  },
  {
   "cell_type": "code",
   "execution_count": 1,
   "id": "e73a7932",
   "metadata": {},
   "outputs": [
    {
     "data": {
      "text/plain": [
       "(6, 4)"
      ]
     },
     "metadata": {},
     "output_type": "display_data"
    }
   ],
   "source": [
    "A = rand(float(1:9), 6, 4)\n",
    "m,n = size(A)"
   ]
  },
  {
   "cell_type": "code",
   "execution_count": 2,
   "id": "ee73fdb2",
   "metadata": {},
   "outputs": [
    {
     "data": {
      "text/plain": [
       "6×6 Matrix{Float64}:\n",
       " 0.749269    0.0936586   0.468293   0.187317    0.187317    0.374634\n",
       " 0.0936586   0.965015   -0.174927  -0.0699707  -0.0699707  -0.139941\n",
       " 0.468293   -0.174927    0.125366  -0.349854   -0.349854   -0.699707\n",
       " 0.187317   -0.0699707  -0.349854   0.860059   -0.139941   -0.279883\n",
       " 0.187317   -0.0699707  -0.349854  -0.139941    0.860059   -0.279883\n",
       " 0.374634   -0.139941   -0.699707  -0.279883   -0.279883    0.440234"
      ]
     },
     "metadata": {},
     "output_type": "display_data"
    }
   ],
   "source": [
    "using LinearAlgebra\n",
    "z = A[:, 1];\n",
    "v = normalize(z - norm(z) * [1; zeros(m-1)])\n",
    "P₁ = I - 2v * v'   # reflector"
   ]
  },
  {
   "cell_type": "markdown",
   "id": "c4f1601e",
   "metadata": {},
   "source": [
    "New structural zeros:"
   ]
  },
  {
   "cell_type": "code",
   "execution_count": 3,
   "id": "02c08280",
   "metadata": {},
   "outputs": [
    {
     "data": {
      "text/plain": [
       "6-element Vector{Float64}:\n",
       " 10.677078252031311\n",
       "  1.1102230246251565e-16\n",
       "  8.881784197001252e-16\n",
       "  0.0\n",
       "  0.0\n",
       "  0.0"
      ]
     },
     "metadata": {},
     "output_type": "display_data"
    }
   ],
   "source": [
    "P₁ * z"
   ]
  },
  {
   "cell_type": "code",
   "execution_count": 4,
   "id": "4e5a593e",
   "metadata": {},
   "outputs": [
    {
     "data": {
      "text/plain": [
       "6×4 Matrix{Float64}:\n",
       " 10.6771        4.77659    6.64976  13.1122\n",
       "  1.11022e-16   0.589288   2.88958   0.969756\n",
       "  8.88178e-16  -4.05356   -6.5521   -7.15122\n",
       "  0.0           0.178575  -2.22084   1.93951\n",
       "  0.0           5.17858   -1.22084  -2.06049\n",
       "  0.0          -4.64285   -1.44168  -4.12098"
      ]
     },
     "metadata": {},
     "output_type": "display_data"
    }
   ],
   "source": [
    "A = P₁ * A"
   ]
  },
  {
   "cell_type": "code",
   "execution_count": 5,
   "id": "944e8b67",
   "metadata": {},
   "outputs": [
    {
     "data": {
      "text/plain": [
       "5×5 Matrix{Float64}:\n",
       "  0.0729888  -0.502072    0.0221182   0.641415  -0.57506\n",
       " -0.502072    0.728077    0.0119793   0.347392  -0.311454\n",
       "  0.0221182   0.0119793   0.999472   -0.015304   0.0137208\n",
       "  0.641415    0.347392   -0.015304    0.556194   0.397894\n",
       " -0.57506    -0.311454    0.0137208   0.397894   0.643268"
      ]
     },
     "metadata": {},
     "output_type": "display_data"
    }
   ],
   "source": [
    "z = A[2:m, 2]\n",
    "v = normalize(z - norm(z) * [1; zeros(m-2)])\n",
    "P₂ = I - 2v * v'"
   ]
  },
  {
   "cell_type": "code",
   "execution_count": 6,
   "id": "45de7036",
   "metadata": {},
   "outputs": [
    {
     "data": {
      "text/plain": [
       "6×4 Matrix{Float64}:\n",
       " 10.6771        4.77659       6.64976  13.1122\n",
       " -4.37826e-16   8.07367       3.4974    4.75229\n",
       "  5.90921e-16   2.27502e-16  -6.2229   -5.10259\n",
       "  1.30953e-17  -1.12485e-17  -2.23534   1.84926\n",
       "  3.79757e-16  -5.99981e-16  -1.6414   -4.67769\n",
       " -3.40471e-16   3.06771e-16  -1.06463  -1.77453"
      ]
     },
     "metadata": {},
     "output_type": "display_data"
    }
   ],
   "source": [
    "A[2:m, :] = P₂ * A[2:m, :]\n",
    "A"
   ]
  },
  {
   "cell_type": "code",
   "execution_count": 7,
   "id": "1399c1ff",
   "metadata": {},
   "outputs": [],
   "source": [
    "for j in 3:n\n",
    "    z = A[j:m, j]\n",
    "    v = normalize(z - norm(z) * [1; zeros(m-j)])\n",
    "    P = I - 2v * v'\n",
    "    A[j:m, :] = P * A[j:m, :]\n",
    "end"
   ]
  },
  {
   "cell_type": "code",
   "execution_count": 10,
   "id": "bd486bfe",
   "metadata": {},
   "outputs": [
    {
     "data": {
      "text/plain": [
       "6×4 Matrix{Float64}:\n",
       " 10.6771  4.77659  6.64976  13.1122\n",
       "  0.0     8.07367  3.4974    4.75229\n",
       "  0.0     0.0      6.89557   5.39279\n",
       "  0.0     0.0      0.0       5.04021\n",
       "  0.0     0.0      0.0       0.0\n",
       "  0.0     0.0      0.0       0.0"
      ]
     },
     "metadata": {},
     "output_type": "display_data"
    }
   ],
   "source": [
    "R = triu(A)"
   ]
  },
  {
   "cell_type": "code",
   "execution_count": null,
   "id": "17b6432e",
   "metadata": {},
   "outputs": [],
   "source": []
  }
 ],
 "metadata": {
  "kernelspec": {
   "display_name": "Julia 1.12.6",
   "language": "julia",
   "name": "julia-1.12"
  },
  "language_info": {
   "file_extension": ".jl",
   "mimetype": "application/julia",
   "name": "julia",
   "version": "1.12.6"
  }
 },
 "nbformat": 4,
 "nbformat_minor": 5
}
